
                             # Provisioned Provisioned Provisioned     Size   Observed   Observed   Observed   Observed   Observed   Observed   Observed   Observed
DB Hosts        DB Name   inst     # vCPUs     # cores   Mem (GiB)    (GiB)   Load Avg    # vCPUs  Mem (GiB)  Read MBps Write MBps  Redo MBps  Read IOPS Write IOPS
--------------- -------- ----- ----------- ----------- ----------- -------- ---------- ---------- ---------- ---------- ---------- ---------- ---------- ----------
vm101,vm102     DB1          2          50          50      708.22        8         54          0          2          1          0          0          9          5
                DB10         2          50          50      708.22       85         55          1          3          2          0          0         65          7
                DB11         2          50          50      708.22        9         53          1          2          1          0          0          9          8
                DB12         2          50          50      708.22      118         55          1          4          1         27          0         34        239
                DB13         2          50          50      708.22       78         54          0          4          3          0          0         15          7
                DB14         2          50          50      708.22      281         53          0          4          8          0          0         28          7
                DB17         2          50          50      708.22       14         55          0          2          1          0          0          9          5
                DB18         2          50          50      708.22    3,613         54         27         12        433         83         15       7084       1150
                DB19         1          50          50      708.22      155         66          0          3         14          0          0         65          6
                DB2          2          50          50      708.22    5,260         54          2          4         39         34          0        150        328
                DB21         2          50          50      708.22      614         54          0          2          1          0          0         15          5
                DB23         2          50          50      708.22       67         55          1          2          1         22          0         10        195
                DB24         2          50          50      708.22    3,107         55         16         35        130         37          7       8629       2264
                DB25         2          50          50      708.22        8         53          0          3          1          0          0          9          5
                DB27         2          50          50      708.22        8         54          0          2          1          0          0          9          4
                DB28         2          50          50      708.22      366         57          2          4         35          1          0       3945         22
                DB29         2          50          50      708.22      211         53          3          2         72          2          0        336         26
                DB3          2          50          50      708.22      264         53          1          3          8         36          0         35        313
                DB30         2          50          50      708.22       12         54          0          4          1          0          0         11          6
                DB31         2          50          50      708.22      481         54          0          2          7          0          0         44          5
                DB32         2          50          50      708.22       17         54          0          2          1          0          0          9          5
                DB33         2          50          50      708.22       14         54          0          2          1          0          0          9          5
                DB34         2          50          50      708.22   14,365         56         70         18        665        196         30       1905       1387
                DB35         2          50          50      708.22      214         54          4          2        395          6          1       6901        171
                DB36         2          50          50      708.22      250         55          3          2         39          9          2        937        237
                DB37         2          50          50      708.22       33         55          1          2          2          1          0         25         13
                DB38         2          50          50      708.22      376         54          4          2         36         11          2        570        247
                DB39         2          50          50      708.22      463         55          3          2         17          3          1        799         83
                DB4          2          50          50      708.22    1,197         54          4          6        182         34          2        528        736
                DB40         2          50          50      708.22      447         56          2          2         13          2          1        865         89
                DB41         2          50          50      708.22       30         54          0          2          1          0          0         11          7
                DB42         2          50          50      708.22       15         54          1          2          5          0          0         49         60
                DB44         2          50          50      708.22      918         53          1          5        268          1          0        665        112
                DB45         2          50          50      708.22       63         51          5          4          3          1          0         87         40
                DB46         2          50          50      708.22      111         55          2          4         33          0          0        422         12
                DB47         2          50          50      708.22       87         53          0          3          0          0          0          9          4
                DB48         2          50          50      708.22       38         53          0          3          4          0          0         14          5
                DB49         2          50          50      708.22       10         53          0          2          1          0          0          7          2
                DB5          2          50          50      708.22      408         54          3          6         27         39          2         92        415
                DB51         2          50          50      708.22       13         54          0          2          1          0          0          9          5
                DB52         2          50          50      708.22       14         53          0          2          1          0          0          9          4
                DB53         2          50          50      708.22    2,051         51          3          8         54          3          0        552        246
                DB54         2          50          50      708.22      641         52         20          2         55          1          0        322         48
                DB55         2          50          50      708.22       92         53          1          2          9          1          0         19          5
                DB56         2          50          50      708.22       13         54          0          2          1          0          0         10          5
                DB57         2          50          50      708.22    1,172         54          5         30         95          3          1        337         85
                DB58         2          50          50      708.22      187         56          2          4          4          2          0         19        419
                DB59         1          50          50      708.22   18,226         67          5         10        853         17          2       5216        234
                DB6          2          50          50      708.22        7         53          0          2          1          0          0          8          4
                DB60         2          50          50      708.22       50         54          0          2          2          0          0         11          4
                DB61         2          50          50      708.22      396         55          0          2         15          2          1        149         31
                DB62         2          50          50      708.22       14         56          2          2         12          1          0        510         48
                DB64         2          50          50      708.22        7         54          0          3          1          0          0          8          4
                DB65         2          50          50      708.22        9         54          0          2          1          0          0          9          5
                DB66         2          50          50      708.22       28         53          1          2          1          0          0         11          6
                DB67         2          50          50      708.22        9         53          0          2          1          0          0          9          5
                DB68         2          50          50      708.22       18         53          0          2          1          0          0          8          4
                DB69         2          50          50      708.22       98         50          2          5          6         11          1        492        427
                DB7          2          50          50      708.22      453         54          1          2          2          0          0         77          8
                DB8          2          50          50      708.22      386         54          0          3          1          0          0         20          5
                DB9          2          50          50      708.22       72         54          1          3          1         36          0         13        313
***************                                                    -------- ---------- ---------- ---------- ---------- ---------- ---------- ---------- ----------
maximum                                                                             67
sum                                                                  57,771                   201        264       3571        622         68      42233      10152

                             # Provisioned Provisioned Provisioned     Size   Observed   Observed   Observed   Observed   Observed   Observed   Observed   Observed
DB Hosts        DB Name   inst     # vCPUs     # cores   Mem (GiB)    (GiB)   Load Avg    # vCPUs  Mem (GiB)  Read MBps Write MBps  Redo MBps  Read IOPS Write IOPS
--------------- -------- ----- ----------- ----------- ----------- -------- ---------- ---------- ---------- ---------- ---------- ---------- ---------- ----------
vm103,vm104     DB134        2          50          50      708.22      733         50          3          7        167         31          1        744        363
                DB135        2          50          50      708.22       86         50          0          2          3          0          0         30          5
                DB136        2          50          50      708.22   29,728         49          8         14       1466         77         16       1905       1160
                DB137        2          50          50      708.22      119         50          1          4          2          0          0         27          9
                DB138        2          50          50      708.22        8         49          0          2          1          0          0         10          4
                DB140        2          50          50      708.22       95         51          2          2         13          0          0         26          5
                DB141        2          50          50      708.22      794         50          2          5         20          5          1        141        118
                DB142        2          50          50      708.22       11         48          0          2          1          0          0         11          4
                DB143        2          50          50      708.22      611         51          0          4         30          0          0         65          8
                DB144        2          50          50      708.22       12         50          0          2          1          0          0          9          5
                DB145        2          50          50      708.22       70         51          1          2          6          0          0        130         12
                DB146        2          50          50      708.22       47         49          2          2          1         46          0         28        373
                DB147        2          50          50      708.22    3,844         49          1         13         10          0          0         89          5
                DB148        2          50          50      708.22    6,169         50          5         37        138          7          0        466         45
                DB149        2          50          50      708.22    1,589         50          2          2         67          7          2        340        131
                DB150        2          50          50      708.22      880         52         24         18        101          8          1       1155        390
                DB151        1          50          50      708.22      133         59          0          3          1          0          0         56          5
                DB152        2          50          50      708.22       45         49          1          2          1         30          0         27        263
                DB153        2          50          50      708.22       14         48          0          3          1          0          0          9          3
                DB153RD1     2          50          50      708.22      107         50          1          2         23         30          0        148        240
                DB155        2          50          50      708.22       13         49          0          2          1          0          0         11         12
                DB156        2          50          50      708.22       60         50          1          2          3          0          0         38         10
                DB157        2          50          50      708.22       18         49          0          2          1          0          0         10          6
                DB158        2          50          50      708.22       43         50          0          2          1          0          0         24          6
                DB159        2          50          50      708.22       42         47          1          2          1          0          0         17          8
                DB160        2          50          50      708.22        9         48          0          2          1          0          0         10          4
                DB161        2          50          50      708.22       36         51          0          4          1          1          0         17         28
                DB162        2          50          50      708.22       75         51          2          2        729          1          0       5893         36
                DB163        2          50          50      708.22    2,793         51         16         21       1568          4          1       3284        269
                DB164        2          50          50      708.22      579         50          4          7        657          5          1        800        209
                DB165        2          50          50      708.22       59         51          0          3          1          0          0         11          3
                DB166        2          50          50      708.22       58         50          0          3          1          0          0         10          5
                DB167        2          50          50      708.22    2,053         50          8          7        167         22          4        644        161
                DB168        2          50          50      708.22    1,851         49         10         10        956          4          1      33921         66
                DB169        2          50          50      708.22      515         48          1          3         32          2          0         42          7
                DB170        2          50          50      708.22       22         51          0          2         15          0          0        258          6
                DB171        2          50          50      708.22    1,610         49          2          7         81          7          0        218         96
                DB172        2          50          50      708.22      159         49          0          2          2          0          0         13          5
                DB174        2          50          50      708.22      199         47          2          4          4          1          0         30         11
                DB175        2          50          50      708.22       13         50          0          2          1          0          0         13          5
                DB176        2          50          50      708.22       16         47          0          2          1          0          0         10          4
                DB177        2          50          50      708.22        9         50          0          2          1          0          0         10          5
                DB178        2          50          50      708.22      308         52          1          6          3          0          0        223          6
                DB180        2          50          50      708.22       66         50          1         10          2          0          0         96          7
                DB181        2          50          50      708.22       41         49          1          3          9          0          0         29         21
                DB182        2          50          50      708.22       12         51          0          3          2          0          0         42          6
                DB183        2          50          50      708.22       68         50          0          2          2          1          0         73         17
                DB184        2          50          50      708.22      868         51          9          4         49          3          1        291        273
                DB185        2          50          50      708.22       45         49          1          2         11          1          0        149         13
                DB186        2          50          50      708.22        9         48          0          2          1          0          0          9          6
                DB187        2          50          50      708.22       12         51          0          2          1          0          0         10          6
                DB188        2          50          50      708.22       28         50          1          2          5          1          0         18         10
                DB189        2          50          50      708.22      226         50          2          7          7          1          0        123        162
                DB190        2          50          50      708.22       22         49          0          3          1          0          0         11          5
                DB603        2          50          50      708.22       48         49          0          3          1          0          0         12          4
                VFOG2DP      2          50          50      708.22      341         50          4          2         14          2          0        913         55
***************                                                    -------- ---------- ---------- ---------- ---------- ---------- ---------- ---------- ----------
maximum                                                                             59
sum                                                                  57,419                   120        272       6386        297         29      52699       4701

                             # Provisioned Provisioned Provisioned     Size   Observed   Observed   Observed   Observed   Observed   Observed   Observed   Observed
DB Hosts        DB Name   inst     # vCPUs     # cores   Mem (GiB)    (GiB)   Load Avg    # vCPUs  Mem (GiB)  Read MBps Write MBps  Redo MBps  Read IOPS Write IOPS
--------------- -------- ----- ----------- ----------- ----------- -------- ---------- ---------- ---------- ---------- ---------- ---------- ---------- ----------
                                                                   -------- ---------- ---------- ---------- ---------- ---------- ---------- ---------- ----------
maximum                                                                             67
sum                                                                 115,191                   321        536       9957        919         97      94932      14853

117 rows selected.

