                              Provisioned Provisioned Provisioned   Observed   Observed   Observed   Observed   Observed   Observed   Observed   Observed
DB Hosts             DB Name      # vCPUs     # cores   Mem (GiB)   Load Avg    # vCPUs  Mem (GiB)  Read MBps Write MBps  Redo MBps  Read IOPS Write IOPS
-------------------- -------- ----------- ----------- ----------- ---------- ---------- ---------- ---------- ---------- ---------- ---------- ----------
vm101                DB19              50          50      708.22         66          0          3         14          0          0         65          6
                     DB59              50          50      708.22         67          5         10        853         17          2       5216        234
********************                                              ---------- ---------- ---------- ---------- ---------- ---------- ---------- ----------
maximum                                                                   67
sum                                                                                   5         13        867         17          2       5281        240

vm101,vm102          DB1               50          50      708.22         54          0          2          1          0          0          9          5
                     DB10              50          50      708.22         55          1          3          2          0          0         65          7
                     DB11              50          50      708.22         53          1          2          1          0          0          9          8
                     DB12              50          50      708.22         55          1          4          1         27          0         34        239
                     DB13              50          50      708.22         54          0          4          3          0          0         15          7
                     DB14              50          50      708.22         53          0          4          8          0          0         28          7
                     DB17              50          50      708.22         55          0          2          1          0          0          9          5
                     DB18              50          50      708.22         54         27         12        433         83         15       7084       1150
                     DB2               50          50      708.22         54          2          4         39         34          0        150        328
                     DB21              50          50      708.22         54          0          2          1          0          0         15          5
                     DB23              50          50      708.22         55          1          2          1         22          0         10        195
                     DB24              50          50      708.22         55         16         35        130         37          7       8629       2264
                     DB25              50          50      708.22         53          0          3          1          0          0          9          5
                     DB27              50          50      708.22         54          0          2          1          0          0          9          4
                     DB28              50          50      708.22         57          2          4         35          1          0       3945         22
                     DB29              50          50      708.22         53          3          2         72          2          0        336         26
                     DB3               50          50      708.22         53          1          3          8         36          0         35        313
                     DB30              50          50      708.22         54          0          4          1          0          0         11          6
                     DB31              50          50      708.22         54          0          2          7          0          0         44          5
                     DB32              50          50      708.22         54          0          2          1          0          0          9          5
                     DB33              50          50      708.22         54          0          2          1          0          0          9          5
                     DB34              50          50      708.22         56         70         18        665        196         30       1905       1387
                     DB35              50          50      708.22         54          4          2        395          6          1       6901        171
                     DB36              50          50      708.22         55          3          2         39          9          2        937        237
                     DB37              50          50      708.22         55          1          2          2          1          0         25         13
                     DB38              50          50      708.22         54          4          2         36         11          2        570        247
                     DB39              50          50      708.22         55          3          2         17          3          1        799         83
                     DB4               50          50      708.22         54          4          6        182         34          2        528        736
                     DB40              50          50      708.22         56          2          2         13          2          1        865         89
                     DB41              50          50      708.22         54          0          2          1          0          0         11          7
                     DB42              50          50      708.22         54          1          2          5          0          0         49         60
                     DB44              50          50      708.22         53          1          5        268          1          0        665        112
                     DB45              50          50      708.22         51          5          4          3          1          0         87         40
                     DB46              50          50      708.22         55          2          4         33          0          0        422         12
                     DB47              50          50      708.22         53          0          3          0          0          0          9          4
                     DB48              50          50      708.22         53          0          3          4          0          0         14          5
                     DB49              50          50      708.22         53          0          2          1          0          0          7          2
                     DB5               50          50      708.22         54          3          6         27         39          2         92        415
                     DB51              50          50      708.22         54          0          2          1          0          0          9          5
                     DB52              50          50      708.22         53          0          2          1          0          0          9          4
                     DB53              50          50      708.22         51          3          8         54          3          0        552        246
                     DB54              50          50      708.22         52         20          2         55          1          0        322         48
                     DB55              50          50      708.22         53          1          2          9          1          0         19          5
                     DB56              50          50      708.22         54          0          2          1          0          0         10          5
                     DB57              50          50      708.22         54          5         30         95          3          1        337         85
                     DB58              50          50      708.22         56          2          4          4          2          0         19        419
                     DB6               50          50      708.22         53          0          2          1          0          0          8          4
                     DB60              50          50      708.22         54          0          2          2          0          0         11          4
                     DB61              50          50      708.22         55          0          2         15          2          1        149         31
                     DB62              50          50      708.22         56          2          2         12          1          0        510         48
                     DB64              50          50      708.22         54          0          3          1          0          0          8          4
                     DB65              50          50      708.22         54          0          2          1          0          0          9          5
                     DB66              50          50      708.22         53          1          2          1          0          0         11          6
                     DB67              50          50      708.22         53          0          2          1          0          0          9          5
                     DB68              50          50      708.22         53          0          2          1          0          0          8          4
                     DB69              50          50      708.22         50          2          5          6         11          1        492        427
                     DB7               50          50      708.22         54          1          2          2          0          0         77          8
                     DB8               50          50      708.22         54          0          3          1          0          0         20          5
                     DB9               50          50      708.22         54          1          3          1         36          0         13        313
********************                                              ---------- ---------- ---------- ---------- ---------- ---------- ---------- ----------
maximum                                                                   57
sum                                                                                 196        251       2704        605         66      36952       9912

vm103                DB151             50          50      708.22         59          0          3          1          0          0         56          5
********************                                              ---------- ---------- ---------- ---------- ---------- ---------- ---------- ----------
maximum                                                                   59
sum                                                                                   0          3          1          0          0         56          5

vm103,vm104          DB134             50          50      708.22         50          3          7        167         31          1        744        363
                     DB135             50          50      708.22         50          0          2          3          0          0         30          5
                     DB136             50          50      708.22         49          8         14       1466         77         16       1905       1160
                     DB137             50          50      708.22         50          1          4          2          0          0         27          9
                     DB138             50          50      708.22         49          0          2          1          0          0         10          4
                     DB140             50          50      708.22         51          2          2         13          0          0         26          5
                     DB141             50          50      708.22         50          2          5         20          5          1        141        118
                     DB142             50          50      708.22         48          0          2          1          0          0         11          4
                     DB143             50          50      708.22         51          0          4         30          0          0         65          8
                     DB144             50          50      708.22         50          0          2          1          0          0          9          5
                     DB145             50          50      708.22         51          1          2          6          0          0        130         12
                     DB146             50          50      708.22         49          2          2          1         46          0         28        373
                     DB147             50          50      708.22         49          1         13         10          0          0         89          5
                     DB148             50          50      708.22         50          5         37        138          7          0        466         45
                     DB149             50          50      708.22         50          2          2         67          7          2        340        131
                     DB150             50          50      708.22         52         24         18        101          8          1       1155        390
                     DB152             50          50      708.22         49          1          2          1         30          0         27        263
                     DB153             50          50      708.22         48          0          3          1          0          0          9          3
                     DB153RD1          50          50      708.22         50          1          2         23         30          0        148        240
                     DB155             50          50      708.22         49          0          2          1          0          0         11         12
                     DB156             50          50      708.22         50          1          2          3          0          0         38         10
                     DB157             50          50      708.22         49          0          2          1          0          0         10          6
                     DB158             50          50      708.22         50          0          2          1          0          0         24          6
                     DB159             50          50      708.22         47          1          2          1          0          0         17          8
                     DB160             50          50      708.22         48          0          2          1          0          0         10          4
                     DB161             50          50      708.22         51          0          4          1          1          0         17         28
                     DB162             50          50      708.22         51          2          2        729          1          0       5893         36
                     DB163             50          50      708.22         51         16         21       1568          4          1       3284        269
                     DB164             50          50      708.22         50          4          7        657          5          1        800        209
                     DB165             50          50      708.22         51          0          3          1          0          0         11          3
                     DB166             50          50      708.22         50          0          3          1          0          0         10          5
                     DB167             50          50      708.22         50          8          7        167         22          4        644        161
                     DB168             50          50      708.22         49         10         10        956          4          1      33921         66
                     DB169             50          50      708.22         48          1          3         32          2          0         42          7
                     DB170             50          50      708.22         51          0          2         15          0          0        258          6
                     DB171             50          50      708.22         49          2          7         81          7          0        218         96
                     DB172             50          50      708.22         49          0          2          2          0          0         13          5
                     DB174             50          50      708.22         47          2          4          4          1          0         30         11
                     DB175             50          50      708.22         50          0          2          1          0          0         13          5
                     DB176             50          50      708.22         47          0          2          1          0          0         10          4
                     DB177             50          50      708.22         50          0          2          1          0          0         10          5
                     DB178             50          50      708.22         52          1          6          3          0          0        223          6
                     DB180             50          50      708.22         50          1         10          2          0          0         96          7
                     DB181             50          50      708.22         49          1          3          9          0          0         29         21
                     DB182             50          50      708.22         51          0          3          2          0          0         42          6
                     DB183             50          50      708.22         50          0          2          2          1          0         73         17
                     DB184             50          50      708.22         51          9          4         49          3          1        291        273
                     DB185             50          50      708.22         49          1          2         11          1          0        149         13
                     DB186             50          50      708.22         48          0          2          1          0          0          9          6
                     DB187             50          50      708.22         51          0          2          1          0          0         10          6
                     DB188             50          50      708.22         50          1          2          5          1          0         18         10
                     DB189             50          50      708.22         50          2          7          7          1          0        123        162
                     DB190             50          50      708.22         49          0          3          1          0          0         11          5
                     DB603             50          50      708.22         49          0          3          1          0          0         12          4
                     VFOG2DP           50          50      708.22         50          4          2         14          2          0        913         55
********************                                              ---------- ---------- ---------- ---------- ---------- ---------- ---------- ----------
maximum                                                                   52
sum                                                                                 120        269       6385        297         29      52643       4696

                                                                  ---------- ---------- ---------- ---------- ---------- ---------- ---------- ----------
maximum                                                                   67
sum                                                                                 321        536       9957        919         97      94932      14853

117 rows selected.
